% latex table generated in R 3.0.2 by xtable 1.7-1 package
% Tue Mar 11 17:24:40 2014
\begin{table}[ht]
\centering
\begin{tabular}{rrrrrrrr}
  \hline
 & .375-.75 & .75-1.5 & 1.5-3 & 3-6 & 6-12 & 12-24 & Sum \\ 
  \hline
S1 & 1736 & 1738 & 4313 & 1727 & 1734 & 1725 & 12973 \\ 
  S2 & 717 & 709 & 2298 & 706 & 725 & 722 & 5877 \\ 
  S3 & 436 & 428 & 435 & 437 & 430 & 434 & 2600 \\ 
  S4 & 239 & 227 & 233 & 235 & 240 & 231 & 1405 \\ 
  S5 & 453 & 451 & 456 & 444 & 455 & 421 & 2680 \\ 
  Sum & 3581 & 3553 & 7735 & 3549 & 3584 & 3533 & 25535 \\ 
   \hline
\end{tabular}
\caption{Number of trials for all subjects at each target spatial frequency band.} 
\label{tab:trial_numbers_nas}
\end{table}

